<?xml version="1.0" encoding="UTF-8" standalone="no"?>
<!DOCTYPE svg PUBLIC "-//W3C//DTD SVG 20010904//EN"
              "http://www.w3.org/TR/2001/REC-SVG-20010904/DTD/svg10.dtd">

<svg xmlns="http://www.w3.org/2000/svg"
     width="20.5694in" height="4.94444in"
     viewBox="0 0 1481 356">
  <path id="Sélection #6"
        fill="none" stroke="black" stroke-width="1"
        d="M 695.00,355.00
           C 697.68,347.75 732.11,292.00 732.11,292.00
             734.89,287.43 742.44,272.62 746.76,270.86
             754.05,267.89 758.66,275.89 761.57,281.00
             761.57,281.00 783.05,317.00 783.05,317.00
             783.05,317.00 792.83,334.09 792.83,334.09
             793.34,335.94 802.80,349.73 805.00,355.00
             805.00,355.00 786.61,354.01 786.61,354.01
             786.61,354.01 774.55,334.00 774.55,334.00
             774.55,334.00 736.55,334.00 736.55,334.00
             736.73,333.91 742.55,322.55 742.55,322.18
             742.55,322.18 768.18,321.64 768.18,321.64
             768.18,321.64 751.83,297.78 750.00,292.00
             750.00,292.00 727.00,331.00 727.00,331.00
             727.00,331.00 713.00,355.00 713.00,355.00
             713.00,355.00 695.00,355.00 695.00,355.00 Z" />
</svg>
