<?xml version="1.0" encoding="UTF-8" standalone="no"?>
<!DOCTYPE svg PUBLIC "-//W3C//DTD SVG 20010904//EN"
              "http://www.w3.org/TR/2001/REC-SVG-20010904/DTD/svg10.dtd">

<svg xmlns="http://www.w3.org/2000/svg"
     width="20.5694in" height="4.94444in"
     viewBox="0 0 1481 356">
  <path id="e1"
        fill="none" stroke="black" stroke-width="1"
        d="M 751.61,209.00
           C 747.00,202.05 741.50,188.57 740.25,180.25
             740.25,180.25 738.75,139.50 743.59,134.00
             748.91,119.35 760.25,104.25 793.00,101.75
             816.25,102.00 829.84,109.85 836.96,119.04
             844.50,128.75 844.50,153.50 844.00,153.25
             844.00,153.25 770.68,153.29 770.25,153.04
             769.82,152.79 766.25,180.25 783.00,202.00
             806.00,228.50 836.22,214.79 843.00,213.00
             843.00,213.00 843.26,223.66 842.01,225.28
             839.87,228.05 807.75,235.75 784.04,230.25
             784.04,230.25 757.75,221.50 751.61,209.00 Z
           M 818.75,141.50
           C 819.00,142.25 820.50,112.50 794.50,111.00
             770.00,111.75 769.25,142.25 769.25,142.25
             769.25,142.25 817.54,143.47 818.75,141.50 Z" />
</svg>
