<?xml version="1.0" encoding="UTF-8" standalone="no"?>
<!DOCTYPE svg PUBLIC "-//W3C//DTD SVG 20010904//EN"
              "http://www.w3.org/TR/2001/REC-SVG-20010904/DTD/svg10.dtd">

<svg xmlns="http://www.w3.org/2000/svg"
     width="20.5694in" height="4.94444in"
     viewBox="0 0 1481 356">
  <path id="f1"
        fill="none" stroke="black" stroke-width="1"
        d="M 980.00,105.18
           C 980.00,105.18 979.91,77.91 979.91,77.91
             988.64,40.09 1011.38,42.36 1025.18,42.36
             1039.23,42.36 1050.98,43.24 1061.64,54.18
             1068.07,60.79 1068.30,65.89 1070.27,73.91
             1070.27,74.00 1039.64,73.91 1039.73,73.82
             1039.64,74.00 1041.55,52.27 1022.64,51.55
             1010.00,51.64 1007.18,66.00 1007.18,66.00
             1007.18,66.00 1007.00,105.00 1007.00,105.00
             1007.00,105.00 1041.00,105.00 1041.00,105.00
             1041.00,107.23 1041.37,112.57 1040.01,114.26
             1038.02,116.73 1031.81,115.95 1029.00,115.58
             1024.63,115.00 1010.68,113.56 1008.02,117.43
             1006.78,119.24 1007.00,122.84 1007.00,125.00
             1007.00,125.00 1007.00,229.00 1007.00,229.00
             1007.00,229.00 979.00,229.00 979.00,229.00
             979.00,229.00 979.75,116.00 979.25,116.00
             979.25,115.75 958.43,115.73 958.18,115.73
             958.18,115.98 958.01,113.92 958.00,104.75
             958.00,104.75 980.00,105.18 980.00,105.18 Z" />
</svg>
