<?xml version="1.0" encoding="UTF-8" standalone="no"?>
<!DOCTYPE svg PUBLIC "-//W3C//DTD SVG 20010904//EN"
              "http://www.w3.org/TR/2001/REC-SVG-20010904/DTD/svg10.dtd">

<svg xmlns="http://www.w3.org/2000/svg"
     width="20.5694in" height="4.94444in"
     viewBox="0 0 1481 356">
  <path id="Sélection"
        fill="none" stroke="black" stroke-width="1"
        d="M 1285.12,116.75
           C 1285.88,107.47 1285.25,111.00 1285.12,111.00
             1285.12,111.00 1329.36,101.64 1332.38,102.25
             1332.25,102.25 1333.38,134.00 1333.50,133.75
             1334.97,129.19 1343.28,116.93 1348.28,111.95
             1357.85,102.44 1376.60,98.76 1389.00,104.35
             1402.33,110.36 1402.82,119.79 1407.50,131.88
             1421.50,101.12 1442.27,102.62 1447.25,102.62
             1458.94,102.65 1471.47,107.27 1476.17,118.83
             1482.94,135.45 1481.00,146.53 1481.00,164.00
             1481.00,164.00 1481.00,229.00 1481.00,229.00
             1481.00,229.00 1454.12,228.62 1454.12,228.62
             1455.81,219.21 1454.12,153.75 1454.12,153.75
             1454.11,145.08 1453.18,137.17 1452.20,134.00
             1449.46,125.13 1443.38,118.70 1434.00,120.62
             1420.25,121.88 1412.29,138.18 1409.25,148.75
             1404.80,164.23 1407.00,229.00 1407.00,229.00
             1407.00,229.00 1379.00,229.00 1379.00,229.00
             1379.00,229.00 1380.85,141.94 1378.88,138.38
             1379.06,138.67 1378.12,120.25 1361.75,120.12
             1342.62,123.62 1339.14,138.27 1338.35,140.00
             1331.28,155.42 1333.00,163.77 1333.00,180.00
             1333.00,180.00 1333.00,229.00 1333.00,229.00
             1333.00,229.00 1305.00,229.00 1305.00,229.00
             1305.00,229.00 1305.00,136.00 1305.00,136.00
             1304.98,121.12 1299.33,116.75 1285.12,116.75 Z" />
</svg>
