<?xml version="1.0" encoding="UTF-8" standalone="no"?>
<!DOCTYPE svg PUBLIC "-//W3C//DTD SVG 20010904//EN"
              "http://www.w3.org/TR/2001/REC-SVG-20010904/DTD/svg10.dtd">

<svg xmlns="http://www.w3.org/2000/svg"
     width="20.5694in" height="4.94444in"
     viewBox="0 0 1481 356">
  <path id="Sélection #5"
        fill="none" stroke="black" stroke-width="1"
        d="M 561.00,355.00
           C 561.33,350.12 565.10,336.30 566.58,331.00
             566.58,331.00 576.38,295.04 576.38,295.04
             576.38,295.04 579.08,286.96 579.08,286.96
             580.67,281.01 580.75,271.85 588.02,270.68
             596.00,268.91 600.77,283.16 602.85,288.00
             606.97,297.61 618.04,325.05 623.00,332.00
             623.00,332.00 641.60,288.00 641.60,288.00
             643.53,284.10 646.71,274.95 649.39,272.58
             652.84,269.54 658.20,270.25 660.66,274.14
             663.66,278.91 669.27,305.64 669.27,305.64
             669.27,305.64 683.00,355.00 683.00,355.00
             683.00,355.00 668.91,355.09 668.91,355.09
             668.91,355.27 652.00,299.00 652.00,299.00
             652.00,299.00 633.20,343.00 633.20,343.00
             631.21,347.88 628.99,355.02 623.00,355.85
             614.65,357.01 613.46,348.85 610.45,343.00
             610.45,343.00 591.00,299.00 591.00,299.00
             591.00,299.00 586.28,316.00 586.28,316.00
             586.28,316.00 576.00,355.00 576.00,355.00
             576.00,355.00 561.00,355.00 561.00,355.00 Z" />
</svg>
