<?xml version="1.0" encoding="UTF-8" standalone="no"?>
<!DOCTYPE svg PUBLIC "-//W3C//DTD SVG 20010904//EN"
              "http://www.w3.org/TR/2001/REC-SVG-20010904/DTD/svg10.dtd">

<svg xmlns="http://www.w3.org/2000/svg"
     width="20.5694in" height="4.94444in"
     viewBox="0 0 1481 356">
  <path id="Sélection #10"
        fill="none" stroke="black" stroke-width="1"
        d="M 1055.00,355.00
           C 1055.00,355.00 1055.64,274.91 1055.64,274.91
             1058.36,270.91 1064.55,270.18 1064.00,270.18
             1069.45,269.09 1123.98,327.84 1127.82,331.64
             1127.82,331.64 1127.00,271.00 1127.00,271.00
             1127.00,271.00 1141.00,271.00 1141.00,271.00
             1141.00,271.00 1141.00,337.00 1141.00,337.00
             1141.00,343.91 1143.87,357.33 1133.00,355.85
             1127.37,355.08 1118.22,344.22 1114.00,340.00
             1114.00,340.00 1070.00,296.00 1070.00,296.00
             1070.00,296.00 1070.00,310.00 1070.00,310.00
             1070.00,310.00 1070.00,355.00 1070.00,355.00
             1070.00,355.00 1055.00,355.00 1055.00,355.00 Z" />
</svg>
