<?xml version="1.0" encoding="UTF-8" standalone="no"?>
<!DOCTYPE svg PUBLIC "-//W3C//DTD SVG 20010904//EN"
              "http://www.w3.org/TR/2001/REC-SVG-20010904/DTD/svg10.dtd">

<svg xmlns="http://www.w3.org/2000/svg"
     width="20.5694in" height="4.94444in"
     viewBox="0 0 1481 356">
  <path id="O gauche"
        fill="none" stroke="black" stroke-width="1"
        d="M 399.38,206.88
           C 399.50,207.00 397.30,218.09 397.00,218.00
             397.17,218.21 384.04,209.71 382.01,207.87
             374.52,201.07 363.30,184.56 359.72,175.00
             353.40,158.15 352.97,150.53 353.00,133.00
             353.02,124.34 357.12,72.25 417.00,49.76
             417.00,49.76 436.25,40.38 473.25,47.88
             473.25,47.88 473.25,47.88 452.12,75.00
             437.25,75.38 452.38,75.00 437.00,75.33
             431.12,76.62 389.62,85.12 383.00,131.12
             383.00,131.12 376.38,160.75 403.00,185.00
             403.00,185.00 412.62,127.62 412.62,127.62
             412.62,127.62 479.12,156.00 478.88,156.12
             478.88,156.12 429.50,220.25 429.50,220.25
             416.18,217.56 410.49,214.61 399.38,206.88 Z" />
</svg>
