<?xml version="1.0" encoding="UTF-8" standalone="no"?>
<!DOCTYPE svg PUBLIC "-//W3C//DTD SVG 20010904//EN"
              "http://www.w3.org/TR/2001/REC-SVG-20010904/DTD/svg10.dtd">

<svg xmlns="http://www.w3.org/2000/svg"
     width="20.5694in" height="4.94444in"
     viewBox="0 0 1481 356">
  <path id="o1"
        fill="none" stroke="black" stroke-width="1"
        d="M 1063.00,136.00
           C 1060.31,135.17 1062.87,131.11 1063.86,129.27
             1067.95,121.65 1069.64,117.89 1076.97,112.69
             1080.68,110.05 1084.65,107.22 1089.00,105.76
             1100.27,101.96 1112.27,102.93 1124.00,103.00
             1129.64,103.04 1134.70,104.51 1140.00,106.39
             1147.56,109.09 1158.67,116.57 1160.00,125.00
             1165.18,126.81 1165.63,131.27 1167.29,136.00
             1167.29,136.00 1170.45,144.00 1170.45,144.00
             1170.45,144.00 1172.87,163.00 1172.87,163.00
             1172.87,163.00 1172.87,177.00 1172.87,177.00
             1172.87,177.00 1171.26,183.00 1171.26,183.00
             1171.26,183.00 1170.74,191.00 1170.74,191.00
             1169.00,201.51 1163.84,212.64 1155.99,219.90
             1152.06,223.53 1139.29,229.31 1134.00,230.54
             1134.00,230.54 1128.00,231.21 1128.00,231.21
             1122.15,232.05 1124.04,232.96 1116.00,233.00
             1107.61,233.04 1109.79,232.38 1103.00,231.26
             1103.00,231.26 1096.00,230.63 1096.00,230.63
             1090.01,229.47 1077.63,222.75 1073.13,218.70
             1068.63,214.66 1064.46,205.59 1062.01,200.00
             1058.12,191.13 1060.00,192.63 1058.74,185.00
             1058.74,185.00 1057.07,178.00 1057.07,178.00
             1057.07,178.00 1057.07,159.00 1057.07,159.00
             1057.07,159.00 1059.84,141.09 1059.84,141.09
             1060.55,139.32 1061.93,137.59 1063.00,136.00 Z
           M 1115.27,111.00
           C 1090.00,110.82 1087.55,145.73 1087.64,145.36
             1087.82,145.27 1087.43,166.30 1087.55,188.55
             1087.56,191.82 1090.36,222.64 1113.55,223.27
             1142.00,223.82 1142.45,187.64 1142.45,187.64
             1142.64,188.00 1142.27,143.45 1142.27,143.45
             1142.27,143.45 1140.45,112.82 1115.27,111.00 Z" />
</svg>
