<?xml version="1.0" encoding="UTF-8" standalone="no"?>
<!DOCTYPE svg PUBLIC "-//W3C//DTD SVG 20010904//EN"
              "http://www.w3.org/TR/2001/REC-SVG-20010904/DTD/svg10.dtd">

<svg xmlns="http://www.w3.org/2000/svg"
     width="20.5694in" height="4.94444in"
     viewBox="0 0 1481 356">
  <path id="Sélection #9"
        fill="none" stroke="black" stroke-width="1"
        d="M 969.82,272.18
           C 974.45,271.34 995.31,271.64 1000.00,271.64
             1014.65,271.64 1033.45,288.00 1034.98,301.17
             1037.82,311.09 1033.92,333.62 1025.54,342.83
             1018.12,350.98 1006.83,354.98 996.00,355.00
             977.74,355.04 961.45,358.36 941.79,337.42
             932.90,323.08 931.24,298.51 943.17,285.17
             948.36,275.45 969.82,272.18 969.82,272.18 Z
           M 970.00,287.35
           C 967.30,287.91 960.91,289.27 958.55,292.73
             950.18,299.45 949.18,304.72 949.18,313.00
             949.18,318.18 952.65,326.82 955.93,330.83
             961.47,337.62 970.40,340.88 979.00,341.00
             989.25,341.13 1001.24,341.38 1010.00,335.22
             1012.36,333.56 1015.24,331.15 1016.80,328.71
             1024.22,317.17 1021.48,298.74 1009.99,290.85
             1007.77,289.33 1004.64,287.91 1002.00,287.35
             1002.00,287.35 970.00,287.35 970.00,287.35 Z" />
</svg>
