<?xml version="1.0" encoding="UTF-8" standalone="no"?>
<!DOCTYPE svg PUBLIC "-//W3C//DTD SVG 20010904//EN"
              "http://www.w3.org/TR/2001/REC-SVG-20010904/DTD/svg10.dtd">

<svg xmlns="http://www.w3.org/2000/svg"
     width="20.5694in" height="4.94444in"
     viewBox="0 0 1481 356">
  <path id="Sélection #3"
        fill="none" stroke="black" stroke-width="1"
        d="M 344.42,345.87
           C 336.86,339.26 331.20,330.33 330.81,320.00
             330.81,320.00 329.09,302.55 332.10,298.00
             333.14,294.90 336.63,287.55 338.55,285.01
             349.88,270.15 371.15,271.64 387.82,271.64
             387.61,274.23 386.01,284.67 384.39,285.98
             382.57,287.45 375.52,286.99 373.00,287.00
             361.66,287.05 352.29,290.79 347.27,301.64
             340.80,315.61 347.64,332.43 362.00,338.18
             368.03,340.59 381.16,340.08 388.00,340.00
             394.79,339.92 403.73,337.35 408.74,332.61
             411.44,330.06 413.79,327.05 415.09,323.64
             415.86,321.62 416.30,315.17 416.55,313.09
             417.98,300.84 408.61,291.09 397.00,287.79
             393.85,286.89 390.12,286.37 386.91,286.36
             386.91,286.36 397.64,271.82 397.64,271.82
             397.64,271.82 401.41,272.26 407.00,274.31
             411.34,275.90 412.62,276.12 416.42,279.09
             427.56,287.78 432.31,300.09 431.99,314.00
             431.76,323.90 427.14,336.69 419.98,343.67
             417.39,346.19 402.85,354.95 393.00,355.00
             393.00,355.00 369.00,355.00 369.00,355.00
             364.85,354.97 349.51,350.31 344.42,345.87 Z" />
</svg>
