<?xml version="1.0" encoding="UTF-8" standalone="no"?>
<!DOCTYPE svg PUBLIC "-//W3C//DTD SVG 20010904//EN"
              "http://www.w3.org/TR/2001/REC-SVG-20010904/DTD/svg10.dtd">

<svg xmlns="http://www.w3.org/2000/svg"
     width="20.5694in" height="4.94444in"
     viewBox="0 0 1481 356">
  <path id="P"
        fill="none" stroke="black" stroke-width="1"
        d="M 0.00,49.00
           C 0.00,49.00 103.00,49.00 103.00,49.00
             103.00,49.00 128.00,52.00 134.00,57.00
             151.41,65.81 162.96,85.59 163.00,105.00
             163.00,105.00 168.25,139.50 145.87,163.87
             142.00,167.74 130.29,174.47 125.00,176.24
             114.38,179.81 91.01,180.21 88.75,179.00
             86.07,177.56 68.42,156.51 64.00,149.00
             64.00,149.00 103.00,149.00 103.00,149.00
             130.10,148.64 146.75,112.09 124.00,90.02
             113.43,79.77 107.00,81.00 107.25,81.00
             107.25,81.00 29.35,83.20 30.00,81.75
             30.00,82.00 29.00,229.00 29.00,229.00
             29.00,229.00 0.00,229.00 0.00,229.00
             0.00,229.00 0.00,49.00 0.00,49.00 Z" />
</svg>
