<?xml version="1.0" encoding="UTF-8" standalone="no"?>
<!DOCTYPE svg PUBLIC "-//W3C//DTD SVG 20010904//EN"
              "http://www.w3.org/TR/2001/REC-SVG-20010904/DTD/svg10.dtd">

<svg xmlns="http://www.w3.org/2000/svg"
     width="20.5694in" height="4.94444in"
     viewBox="0 0 1481 356">
  <path id="P1"
        fill="none" stroke="black" stroke-width="1"
        d="M 594.75,49.75
           C 594.75,49.75 666.00,49.00 666.00,49.00
             682.68,49.00 700.90,49.06 715.00,59.55
             726.80,68.34 732.78,84.56 732.50,99.00
             732.50,99.00 730.25,127.50 720.75,134.75
             705.37,148.68 684.00,149.00 684.00,149.00
             684.25,149.25 649.25,149.50 649.50,149.50
             649.50,149.50 650.00,229.50 650.00,229.50
             650.00,229.50 620.75,229.25 620.75,228.75
             620.75,228.75 620.50,82.25 620.50,82.25
             620.49,75.59 620.31,65.16 614.50,61.00
             612.39,59.49 608.75,56.75 595.25,55.75
             594.08,54.30 594.77,51.54 594.75,49.75 Z
           M 688.00,65.00
           C 688.00,65.00 669.00,58.75 650.50,65.25
             648.49,69.10 649.25,136.75 649.25,136.75
             662.96,137.86 670.51,138.49 684.00,133.14
             699.00,127.25 701.71,113.20 702.24,105.00
             702.24,105.00 703.03,84.25 699.50,77.75
             696.90,72.96 691.49,68.91 688.00,65.00 Z" />
</svg>
