<?xml version="1.0" encoding="UTF-8" standalone="no"?>
<!DOCTYPE svg PUBLIC "-//W3C//DTD SVG 20010904//EN"
              "http://www.w3.org/TR/2001/REC-SVG-20010904/DTD/svg10.dtd">

<svg xmlns="http://www.w3.org/2000/svg"
     width="20.5694in" height="4.94444in"
     viewBox="0 0 1481 356">
  <path id="R"
        fill="none" stroke="black" stroke-width="1"
        d="M 181.00,49.00
           C 181.00,49.00 281.00,49.00 281.00,49.00
             287.49,49.11 297.00,51.26 297.00,51.26
             302.25,52.14 309.51,55.48 314.00,58.34
             322.33,63.66 329.81,70.80 333.87,80.00
             333.87,80.00 340.99,102.11 341.00,109.00
             341.00,109.00 340.75,124.75 340.75,124.75
             340.50,131.62 338.54,138.00 338.54,138.00
             334.71,154.74 322.68,169.59 306.50,175.25
             310.01,180.16 340.50,210.75 356.00,229.00
             356.00,229.00 314.12,228.88 314.12,228.88
             314.12,228.88 249.00,153.00 249.00,153.00
             249.00,153.00 265.00,153.00 265.00,153.00
             265.00,153.00 283.88,151.50 283.88,151.50
             301.38,150.12 310.74,136.69 311.00,121.00
             311.00,121.00 311.25,105.50 311.25,105.50
             311.15,99.58 301.51,86.85 298.25,85.25
             291.64,81.99 280.14,81.00 273.00,81.00
             273.00,81.00 244.00,81.00 244.00,81.00
             244.00,81.00 213.54,79.46 211.75,81.25
             209.83,83.17 211.00,229.00 211.00,229.00
             211.00,229.00 181.00,229.00 181.00,229.00
             181.00,229.00 181.00,49.00 181.00,49.00 Z" />
</svg>
