<?xml version="1.0" encoding="UTF-8" standalone="no"?>
<!DOCTYPE svg PUBLIC "-//W3C//DTD SVG 20010904//EN"
              "http://www.w3.org/TR/2001/REC-SVG-20010904/DTD/svg10.dtd">

<svg xmlns="http://www.w3.org/2000/svg"
     width="20.5694in" height="4.94444in"
     viewBox="0 0 1481 356">
  <path id="r1"
        fill="none" stroke="black" stroke-width="1"
        d="M 902.00,229.25
           C 902.00,229.25 875.00,229.50 875.25,228.75
             875.25,228.75 875.00,137.00 875.00,137.00
             874.98,129.14 874.63,122.54 867.50,118.00
             863.89,115.71 850.78,117.88 853.25,112.50
             854.85,109.03 899.67,101.72 902.00,103.25
             903.86,104.48 899.82,127.34 903.00,135.00
             905.65,122.72 914.15,107.34 927.04,103.72
             931.14,102.57 944.33,102.75 949.50,102.75
             949.50,102.75 950.50,129.25 950.50,129.25
             950.50,129.25 938.75,124.75 928.75,126.50
             929.25,126.75 910.25,128.00 902.75,152.50
             901.86,155.87 902.00,229.25 902.00,229.25 Z" />
</svg>
