<?xml version="1.0" encoding="UTF-8" standalone="no"?>
<!DOCTYPE svg PUBLIC "-//W3C//DTD SVG 20010904//EN"
              "http://www.w3.org/TR/2001/REC-SVG-20010904/DTD/svg10.dtd">

<svg xmlns="http://www.w3.org/2000/svg"
     width="20.5694in" height="4.94444in"
     viewBox="0 0 1481 356">
  <path id="r2"
        fill="none" stroke="black" stroke-width="1"
        d="M 1185.50,110.25
           C 1185.50,110.25 1214.62,105.50 1233.00,103.00
             1233.00,112.61 1233.88,136.12 1233.75,135.62
             1242.88,105.25 1258.62,103.50 1258.62,103.50
             1258.62,103.38 1271.80,102.61 1280.88,102.62
             1281.12,102.50 1281.12,129.00 1280.88,128.75
             1271.12,123.25 1255.47,126.64 1252.25,128.50
             1244.38,130.75 1232.68,145.97 1233.25,157.50
             1233.25,157.50 1233.00,229.62 1232.75,229.50
             1233.00,229.62 1206.50,229.00 1206.38,228.88
             1206.50,229.00 1206.00,127.12 1206.00,127.12
             1206.00,127.12 1201.75,115.00 1185.50,116.25
             1185.50,116.25 1185.50,110.25 1185.50,110.25 Z" />
</svg>
