<?xml version="1.0" encoding="UTF-8" standalone="no"?>
<!DOCTYPE svg PUBLIC "-//W3C//DTD SVG 20010904//EN"
              "http://www.w3.org/TR/2001/REC-SVG-20010904/DTD/svg10.dtd">

<svg xmlns="http://www.w3.org/2000/svg"
     width="20.5694in" height="4.94444in"
     viewBox="0 0 1481 356">
  <path id="Sélection #4"
        fill="none" stroke="black" stroke-width="1"
        d="M 451.00,271.00
           C 451.00,271.00 507.00,271.00 507.00,271.00
             514.32,271.01 523.76,272.21 530.00,276.19
             546.62,286.79 545.00,323.39 524.55,330.18
             524.55,330.18 549.00,355.00 549.00,355.00
             549.00,355.00 527.28,353.98 527.28,353.98
             527.28,353.98 507.64,332.00 507.64,332.00
             507.64,332.00 476.73,332.18 476.73,332.18
             476.73,332.18 477.06,319.00 477.06,319.00
             476.91,319.09 519.27,318.55 519.09,318.18
             524.36,313.64 526.26,307.29 527.82,300.73
             527.82,300.73 525.45,288.91 517.27,286.91
             517.27,286.91 467.00,287.00 467.00,287.00
             467.00,287.00 467.00,355.00 467.00,355.00
             467.00,355.00 451.00,355.00 451.00,355.00
             451.00,355.00 451.00,271.00 451.00,271.00 Z" />
</svg>
