<?xml version="1.0" encoding="UTF-8" standalone="no"?>
<!DOCTYPE svg PUBLIC "-//W3C//DTD SVG 20010904//EN"
              "http://www.w3.org/TR/2001/REC-SVG-20010904/DTD/svg10.dtd">

<svg xmlns="http://www.w3.org/2000/svg"
     width="20.5694in" height="4.94444in"
     viewBox="0 0 1481 356">
  <path id="Sélection #11"
        fill="none" stroke="black" stroke-width="1"
        d="M 1164.00,355.00
           C 1164.00,351.74 1164.55,341.45 1164.73,341.09
             1167.08,338.73 1227.45,341.14 1231.96,338.65
             1239.10,334.71 1240.64,326.23 1234.00,321.45
             1230.23,318.74 1224.42,319.01 1220.00,319.00
             1220.00,319.00 1194.00,319.00 1194.00,319.00
             1186.19,319.00 1180.13,319.60 1173.02,315.47
             1159.33,307.55 1159.08,282.97 1173.02,275.20
             1181.58,270.45 1192.58,271.00 1202.00,271.00
             1202.00,271.00 1249.00,271.00 1249.00,271.00
             1249.00,271.00 1249.00,287.00 1249.00,287.00
             1249.00,287.00 1185.17,285.59 1182.55,287.45
             1177.22,291.24 1176.00,301.13 1182.55,304.73
             1188.79,308.16 1214.77,307.01 1223.00,307.00
             1231.78,306.99 1240.85,305.38 1247.44,313.18
             1255.99,323.28 1256.41,354.63 1229.00,355.00
             1229.00,355.00 1164.00,355.00 1164.00,355.00 Z" />
</svg>
