<?xml version="1.0" encoding="UTF-8" standalone="no"?>
<!DOCTYPE svg PUBLIC "-//W3C//DTD SVG 20010904//EN"
              "http://www.w3.org/TR/2001/REC-SVG-20010904/DTD/svg10.dtd">

<svg xmlns="http://www.w3.org/2000/svg"
     width="20.5694in" height="4.94444in"
     viewBox="0 0 1481 356">
  <path id="Sélection"
        fill="none" stroke="black" stroke-width="1"
        d="M 474.00,51.00
           C 473.85,45.54 476.43,43.19 479.65,39.00
             479.65,39.00 494.21,20.00 494.21,20.00
             497.42,15.91 499.32,12.41 504.00,10.00
             504.00,10.00 491.57,81.00 491.57,81.00
             491.57,81.00 479.00,155.00 479.00,155.00
             469.42,153.26 465.96,147.95 462.05,148.44
             458.85,148.84 455.07,153.82 450.72,155.69
             444.75,158.25 442.35,155.62 437.00,155.00
             437.00,155.00 433.00,151.00 433.00,151.00
             433.00,151.00 430.78,136.26 430.78,136.26
             428.98,132.98 416.86,128.44 413.00,127.00
             413.00,127.00 442.87,87.00 442.87,87.00
             446.66,81.95 454.00,71.98 460.00,70.00
             460.40,64.72 464.27,62.40 467.25,58.55
             470.26,54.66 469.33,53.98 474.00,51.00 Z
           M 979.00,105.00
           C 979.00,91.87 978.29,73.86 984.49,62.00
             987.90,55.49 991.50,51.02 998.00,47.36
             1012.30,39.31 1040.91,40.08 1055.00,48.48
             1061.42,52.31 1065.98,57.96 1068.42,65.00
             1069.22,67.17 1070.52,71.22 1068.42,72.98
             1066.86,74.23 1062.94,74.00 1061.00,74.00
             1061.00,74.00 1048.00,74.00 1048.00,74.00
             1046.01,74.00 1042.19,74.23 1040.60,72.98
             1038.78,71.54 1039.18,68.76 1038.37,66.00
             1037.08,61.64 1033.86,56.63 1029.96,54.22
             1021.03,48.70 1018.62,54.80 1011.00,56.00
             1011.00,56.00 1007.00,77.00 1007.00,77.00
             1007.00,77.00 1007.00,105.00 1007.00,105.00
             1007.00,105.00 1042.00,105.00 1042.00,105.00
             1042.00,105.00 1040.26,114.40 1040.26,114.40
             1040.26,114.40 1034.00,116.00 1034.00,116.00
             1034.00,116.00 1007.00,116.00 1007.00,116.00
             1007.00,116.00 1007.00,230.00 1007.00,230.00
             1007.00,230.00 979.00,229.00 979.00,229.00
             979.00,229.00 979.00,143.00 979.00,143.00
             979.00,143.00 979.00,123.00 979.00,123.00
             978.96,121.03 979.08,118.29 977.40,116.91
             975.76,115.54 972.07,115.97 970.00,115.99
             959.41,116.10 958.03,115.88 958.00,105.00
             958.00,105.00 979.00,105.00 979.00,105.00 Z
           M 399.00,206.00
           C 398.49,208.50 397.50,214.78 394.72,215.66
             392.62,216.33 390.54,214.32 389.00,213.19
             383.17,208.92 380.73,207.36 376.14,201.42
             364.44,186.28 358.18,176.05 354.75,157.00
             353.57,150.43 353.02,153.66 353.00,145.00
             353.00,145.00 353.00,133.00 353.00,133.00
             353.02,120.98 358.72,103.54 364.55,93.00
             375.90,72.47 394.81,57.18 417.00,49.76
             421.54,48.24 426.32,47.59 431.00,46.75
             437.57,45.57 434.34,45.02 443.00,45.00
             443.00,45.00 452.00,45.00 452.00,45.00
             452.00,45.00 472.00,48.00 472.00,48.00
             468.02,54.37 464.42,58.62 459.81,64.42
             454.86,70.65 453.82,74.84 445.00,75.13
             445.00,75.13 437.00,75.13 437.00,75.13
             428.22,76.71 416.16,82.47 409.00,87.71
             397.45,96.18 383.25,116.15 383.00,131.00
             383.00,131.00 383.00,145.00 383.00,145.00
             383.03,160.00 392.76,174.72 403.00,185.00
             403.00,185.00 404.74,177.00 404.74,177.00
             404.74,177.00 405.26,171.00 405.26,171.00
             405.26,171.00 408.75,153.00 408.75,153.00
             408.75,153.00 409.26,147.00 409.26,147.00
             409.26,147.00 413.00,129.00 413.00,129.00
             417.42,130.26 428.47,134.04 429.26,139.05
             429.29,140.45 428.76,143.32 429.26,146.00
             430.89,152.00 437.08,157.24 443.00,158.54
             448.06,159.65 452.81,156.81 458.00,156.00
             457.95,152.44 458.36,152.32 461.00,150.00
             463.84,151.51 473.63,154.40 474.56,157.30
             475.52,160.29 466.42,171.19 464.20,173.83
             464.20,173.83 431.00,218.00 431.00,218.00
             431.00,218.00 429.00,219.00 429.00,219.00
             413.30,214.45 413.52,216.11 399.00,206.00 Z
           M 0.00,49.00
           C 0.00,49.00 103.00,49.00 103.00,49.00
             103.00,49.00 121.00,51.00 121.00,51.00
             121.00,51.00 120.00,53.00 120.00,53.00
             127.04,53.08 127.78,53.85 134.00,57.00
             151.41,65.81 162.96,85.59 163.00,105.00
             163.00,105.00 163.00,123.00 163.00,123.00
             162.97,137.11 155.84,153.91 145.87,163.87
             142.00,167.74 130.29,174.47 125.00,176.24
             114.38,179.81 105.92,179.02 95.00,179.00
             92.48,178.99 89.32,179.19 87.05,177.98
             84.37,176.54 81.98,172.45 79.89,170.00
             74.24,163.38 68.42,156.51 64.00,149.00
             64.00,149.00 103.00,149.00 103.00,149.00
             130.10,148.64 146.75,112.09 124.00,90.02
             113.43,79.77 104.45,81.00 91.00,81.00
             91.00,81.00 62.00,81.00 62.00,81.00
             62.00,81.00 38.00,81.00 38.00,81.00
             35.65,81.02 32.39,80.81 30.60,82.60
             28.68,84.52 29.01,88.46 29.00,91.00
             29.00,91.00 29.00,229.00 29.00,229.00
             29.00,229.00 0.00,229.00 0.00,229.00
             0.00,229.00 0.00,49.00 0.00,49.00 Z
           M 181.00,49.00
           C 181.00,49.00 261.00,49.00 261.00,49.00
             261.00,49.00 281.00,49.00 281.00,49.00
             287.49,49.11 286.40,49.98 291.00,50.74
             291.00,50.74 297.00,51.26 297.00,51.26
             302.25,52.14 309.51,55.48 314.00,58.34
             329.75,68.39 335.13,79.39 339.20,97.00
             340.74,103.65 340.99,101.53 341.00,109.00
             341.00,109.00 341.00,121.00 341.00,121.00
             340.99,129.83 340.37,126.16 339.26,132.09
             339.26,132.09 338.55,138.00 338.55,138.00
             334.84,154.70 323.08,168.37 307.00,174.00
             310.51,178.91 313.96,181.98 317.96,186.28
             317.96,186.28 323.26,193.00 323.26,193.00
             323.26,193.00 332.00,202.00 332.00,202.00
             340.61,210.61 349.78,218.44 356.00,229.00
             356.00,229.00 321.00,229.00 321.00,229.00
             321.00,229.00 314.13,228.40 314.13,228.40
             314.13,228.40 308.74,223.00 308.74,223.00
             308.74,223.00 297.55,210.00 297.55,210.00
             297.55,210.00 290.13,202.00 290.13,202.00
             290.13,202.00 284.74,195.00 284.74,195.00
             284.74,195.00 276.13,186.00 276.13,186.00
             276.13,186.00 269.04,177.17 269.04,177.17
             269.04,177.17 249.00,153.00 249.00,153.00
             249.00,153.00 265.00,153.00 265.00,153.00
             265.00,153.00 283.00,151.00 283.00,151.00
             313.96,150.49 317.40,106.97 303.87,92.01
             301.73,89.65 296.59,85.18 293.72,83.82
             287.15,80.72 280.05,81.00 273.00,81.00
             273.00,81.00 244.00,81.00 244.00,81.00
             244.00,81.00 220.00,81.00 220.00,81.00
             217.65,81.02 214.39,80.81 212.60,82.60
             210.68,84.52 211.01,88.46 211.00,91.00
             211.00,91.00 211.00,229.00 211.00,229.00
             211.00,229.00 181.00,229.00 181.00,229.00
             181.00,229.00 181.00,49.00 181.00,49.00 Z
           M 469.00,50.00
           C 469.00,50.00 468.00,50.00 468.00,50.00
             468.00,50.00 469.00,51.00 469.00,51.00
             469.00,51.00 469.00,50.00 469.00,50.00 Z
           M 594.00,49.00
           C 594.00,49.00 661.00,49.00 661.00,49.00
             674.70,49.00 690.06,47.95 703.00,53.19
             720.22,60.17 729.05,71.82 731.73,90.00
             731.73,90.00 732.73,97.99 732.73,97.99
             732.73,97.99 731.91,104.28 731.91,104.28
             731.31,115.59 730.36,123.65 722.96,132.96
             708.65,150.95 684.40,148.91 664.00,149.00
             650.55,149.06 650.02,150.06 650.00,159.00
             650.00,159.00 650.00,217.00 650.00,217.00
             649.88,226.53 650.18,229.95 640.00,230.00
             640.00,230.00 621.00,230.00 621.00,230.00
             621.00,230.00 620.00,171.00 620.00,171.00
             620.00,171.00 620.00,81.00 620.00,81.00
             619.99,74.23 619.88,65.07 613.83,60.73
             611.72,59.22 605.64,57.46 603.00,57.12
             600.68,56.83 597.67,57.20 595.95,55.26
             594.78,53.93 594.33,50.74 594.00,49.00 Z
           M 549.00,121.00
           C 552.97,112.53 567.90,98.56 564.85,88.72
             563.07,82.98 557.92,83.54 555.02,81.98
             550.59,79.61 546.90,71.93 547.26,67.00
             548.47,50.41 572.13,46.25 581.44,57.44
             583.02,59.33 583.71,61.72 584.53,64.00
             585.41,66.46 586.66,69.42 586.86,72.00
             587.12,75.42 586.13,76.94 585.45,80.00
             585.45,80.00 584.53,86.00 584.53,86.00
             583.30,90.82 576.60,102.68 573.66,107.00
             570.91,111.04 565.34,117.66 561.00,119.83
             557.84,121.41 552.57,121.00 549.00,121.00 Z
           M 688.00,65.00
           C 688.00,65.00 675.00,63.09 675.00,63.09
             675.00,63.09 663.00,63.09 663.00,63.09
             659.16,63.05 653.56,63.52 651.53,67.39
             649.52,71.24 650.00,84.18 650.00,89.00
             650.00,89.00 650.00,136.00 650.00,136.00
             660.99,136.47 681.44,137.09 690.41,130.11
             696.84,125.10 701.79,113.06 702.17,105.00
             702.17,105.00 702.17,97.00 702.17,97.00
             701.92,90.01 701.57,83.42 698.34,77.00
             695.29,70.93 692.16,69.66 688.00,65.00 Z
           M 501.00,63.00
           C 507.91,64.47 512.20,70.07 516.96,75.00
             529.57,88.03 536.76,102.31 540.55,120.00
             540.55,120.00 541.26,129.00 541.26,129.00
             542.22,134.89 544.03,137.04 542.55,144.00
             542.55,144.00 540.94,150.00 540.94,150.00
             540.94,150.00 540.94,157.00 540.94,157.00
             535.01,192.01 504.47,222.95 470.00,230.55
             470.00,230.55 463.00,231.26 463.00,231.26
             456.67,232.30 459.66,232.98 451.00,233.00
             441.92,233.02 439.88,233.76 431.00,231.00
             434.53,224.14 438.23,220.94 442.58,214.99
             444.81,211.92 448.35,206.48 451.52,204.42
             451.52,204.42 473.00,198.29 473.00,198.29
             476.42,196.91 478.96,195.02 482.00,193.00
             493.84,185.14 498.55,180.59 505.55,168.00
             513.50,153.69 515.91,134.30 509.45,119.00
             509.45,119.00 496.85,95.00 496.85,95.00
             496.85,95.00 501.00,63.00 501.00,63.00 Z
           M 767.00,221.00
           C 760.32,220.94 754.32,213.39 751.11,208.00
             746.54,200.31 741.17,187.94 740.29,179.00
             740.29,179.00 740.29,173.00 740.29,173.00
             739.84,168.78 738.83,169.65 739.01,162.00
             739.01,162.00 740.22,153.00 740.22,153.00
             740.22,153.00 740.22,148.00 740.22,148.00
             740.50,143.61 742.09,138.13 743.59,134.00
             748.91,119.35 757.88,109.59 773.00,104.87
             781.61,102.19 784.54,102.99 793.00,103.00
             793.00,103.00 807.00,103.00 807.00,103.00
             818.80,103.16 829.84,109.85 836.96,119.04
             842.34,125.98 841.61,128.34 843.44,136.00
             844.31,139.68 844.83,139.83 844.98,144.00
             845.09,147.08 845.92,152.47 841.87,153.04
             841.87,153.04 833.00,153.04 833.00,153.04
             833.00,153.04 790.00,153.04 790.00,153.04
             790.00,153.04 770.00,153.04 770.00,153.04
             770.00,153.04 769.00,154.00 769.00,154.00
             769.00,154.00 771.61,174.00 771.61,174.00
             771.61,174.00 777.00,193.00 777.00,193.00
             781.29,195.55 786.68,205.13 794.00,210.37
             805.47,218.57 812.86,217.08 826.00,217.00
             834.82,216.94 834.69,214.90 843.00,213.00
             843.00,213.00 843.00,218.00 843.00,218.00
             843.00,220.00 843.26,223.66 842.01,225.28
             839.87,228.05 826.70,230.77 823.00,230.96
             823.00,230.96 807.00,233.00 807.00,233.00
             802.63,233.03 787.71,231.44 784.04,230.25
             784.04,230.25 779.58,228.23 779.58,228.23
             773.97,226.03 770.69,227.97 767.00,221.00 Z
           M 875.00,229.00
           C 875.00,229.00 875.00,138.00 875.00,138.00
             874.99,130.29 872.96,123.06 866.00,118.60
             861.34,115.62 854.88,118.53 854.74,113.92
             854.59,108.87 862.78,109.25 866.00,108.55
             866.00,108.55 889.00,104.68 889.00,104.68
             891.59,104.24 896.47,102.15 898.71,102.92
             901.20,103.78 900.96,106.87 901.00,109.00
             901.14,117.63 900.15,126.71 903.00,135.00
             905.59,122.18 914.46,106.67 928.01,103.11
             928.01,103.11 951.00,103.11 951.00,103.11
             951.00,103.11 951.00,129.00 951.00,129.00
             945.89,128.47 937.95,125.26 933.53,126.03
             930.00,126.65 922.44,128.44 919.46,130.13
             916.95,131.56 914.88,133.89 912.95,136.02
             905.02,144.79 904.28,149.90 902.82,161.00
             902.00,167.26 901.04,165.27 901.00,174.00
             901.00,174.00 901.00,216.00 901.00,216.00
             901.08,222.44 902.08,222.14 901.00,229.00
             901.00,229.00 875.00,229.00 875.00,229.00 Z
           M 1167.00,200.00
           C 1167.64,211.54 1155.34,221.55 1146.00,226.08
             1142.91,227.58 1137.24,230.05 1134.00,230.90
             1134.00,230.90 1126.72,231.91 1126.72,231.91
             1108.49,234.21 1087.31,232.41 1073.33,218.88
             1067.44,213.18 1061.23,201.03 1059.52,193.00
             1059.52,193.00 1058.74,185.00 1058.74,185.00
             1058.74,185.00 1057.07,178.00 1057.07,178.00
             1057.07,178.00 1057.07,159.00 1057.07,159.00
             1057.08,153.14 1057.71,153.88 1058.63,149.00
             1058.63,149.00 1059.26,143.00 1059.26,143.00
             1060.65,134.74 1065.52,123.35 1071.17,117.17
             1087.66,99.15 1129.41,96.62 1148.91,110.77
             1169.42,125.64 1173.31,149.37 1173.00,173.00
             1172.91,179.68 1172.01,178.78 1171.53,183.00
             1170.89,188.48 1171.87,196.23 1167.00,200.00 Z
           M 1285.00,117.00
           C 1285.07,114.86 1284.86,112.61 1286.57,111.01
             1288.90,108.83 1293.05,109.19 1296.00,108.63
             1296.00,108.63 1319.00,104.08 1319.00,104.08
             1321.41,103.68 1328.80,101.94 1330.69,102.69
             1333.15,103.67 1332.96,106.81 1333.00,109.00
             1333.12,115.94 1332.17,125.56 1334.00,132.00
             1335.86,126.22 1336.78,126.85 1339.78,122.49
             1343.87,116.56 1345.72,113.13 1352.00,108.63
             1363.61,100.33 1383.21,99.09 1395.00,107.63
             1403.62,113.89 1404.60,121.90 1408.00,131.00
             1411.55,118.85 1424.43,105.80 1437.00,102.89
             1437.00,102.89 1453.00,102.89 1453.00,102.89
             1462.21,102.46 1471.15,107.82 1475.40,116.00
             1482.61,129.88 1481.00,143.95 1481.00,159.00
             1481.00,159.00 1481.00,229.00 1481.00,229.00
             1481.00,229.00 1463.00,229.00 1463.00,229.00
             1453.85,228.98 1454.08,228.68 1454.00,218.00
             1454.00,218.00 1454.00,151.00 1454.00,151.00
             1453.86,139.17 1451.23,119.65 1435.00,121.20
             1422.60,122.38 1414.18,136.26 1410.67,147.00
             1406.20,160.71 1407.00,171.01 1407.00,185.00
             1407.00,185.00 1407.00,230.00 1407.00,230.00
             1407.00,230.00 1379.00,229.00 1379.00,229.00
             1379.00,229.00 1379.00,143.00 1379.00,143.00
             1378.99,138.79 1379.21,136.94 1377.32,133.00
             1376.22,130.71 1374.53,127.94 1372.79,126.10
             1365.86,118.75 1358.85,120.55 1351.00,125.00
             1349.36,125.93 1346.83,127.32 1345.54,128.63
             1344.36,129.83 1339.99,137.26 1339.13,139.00
             1331.80,153.91 1333.00,164.19 1333.00,180.00
             1333.00,180.00 1333.00,229.00 1333.00,229.00
             1333.00,229.00 1305.00,230.00 1305.00,230.00
             1305.00,230.00 1305.00,138.00 1305.00,138.00
             1304.83,123.39 1300.12,117.05 1285.00,117.00 Z
           M 1185.00,110.00
           C 1185.00,110.00 1203.00,107.20 1203.00,107.20
             1203.00,107.20 1209.00,106.63 1209.00,106.63
             1219.99,104.51 1220.46,103.00 1233.00,103.00
             1233.00,111.25 1232.55,125.57 1235.00,133.00
             1236.20,127.13 1238.57,121.09 1242.06,116.18
             1244.20,113.18 1246.13,112.40 1248.00,109.00
             1248.00,109.00 1251.00,107.00 1251.00,107.00
             1251.00,107.00 1253.00,105.00 1253.00,105.00
             1260.45,102.20 1265.22,102.98 1273.00,103.00
             1274.99,103.00 1278.81,102.77 1280.40,104.02
             1283.02,106.09 1281.51,114.77 1281.33,118.00
             1281.22,119.91 1281.20,125.90 1280.01,127.16
             1277.47,129.82 1270.69,125.01 1264.99,126.06
             1260.86,126.81 1254.60,128.47 1251.00,130.53
             1240.75,136.38 1233.67,149.32 1233.96,161.09
             1233.96,161.09 1233.96,212.00 1233.96,212.00
             1234.00,228.04 1234.98,228.95 1226.00,229.00
             1222.57,229.02 1208.86,229.89 1207.02,227.40
             1206.04,225.99 1207.00,217.46 1207.02,215.00
             1207.02,215.00 1207.02,145.00 1207.02,145.00
             1206.99,136.07 1206.08,136.04 1205.00,128.00
             1205.00,128.00 1208.00,127.00 1208.00,127.00
             1197.52,121.07 1200.04,117.14 1185.00,117.00
             1185.00,117.00 1185.00,110.00 1185.00,110.00 Z
           M 770.00,143.00
           C 770.00,143.00 785.00,142.00 785.00,142.00
             785.00,142.00 810.00,142.00 810.00,142.00
             812.16,142.00 816.55,142.37 817.76,140.40
             819.18,138.64 818.04,135.86 817.76,134.00
             816.13,128.21 815.27,124.28 811.67,119.18
             809.29,115.80 806.74,114.59 803.00,113.13
             795.53,110.23 791.12,110.45 784.00,114.41
             776.08,118.81 775.78,123.65 771.00,129.00
             771.00,129.00 769.00,142.00 769.00,142.00
             769.00,142.00 770.00,143.00 770.00,143.00 Z
           M 1112.00,111.38
           C 1082.34,119.39 1087.53,159.18 1087.27,183.00
             1087.21,188.82 1088.05,189.58 1089.20,195.00
             1089.90,198.33 1092.11,206.88 1093.47,209.72
             1096.66,216.37 1105.62,222.39 1113.00,222.90
             1128.92,224.02 1136.40,214.18 1139.87,200.00
             1139.87,200.00 1142.68,186.00 1142.68,186.00
             1144.09,172.65 1143.31,145.56 1139.17,133.00
             1138.31,130.41 1136.29,124.37 1134.92,122.28
             1130.12,115.01 1120.61,110.35 1112.00,111.38 Z
           M 1352.00,118.00
           C 1352.00,118.00 1351.00,118.00 1351.00,118.00
             1351.00,118.00 1352.00,119.00 1352.00,119.00
             1352.00,119.00 1352.00,118.00 1352.00,118.00 Z
           M 1401.00,124.00
           C 1401.00,124.00 1400.00,124.00 1400.00,124.00
             1400.00,124.00 1401.00,125.00 1401.00,125.00
             1401.00,125.00 1401.00,124.00 1401.00,124.00 Z
           M 1237.00,134.00
           C 1237.00,134.00 1236.00,134.00 1236.00,134.00
             1236.00,134.00 1237.00,135.00 1237.00,135.00
             1237.00,135.00 1237.00,134.00 1237.00,134.00 Z
           M 460.00,153.00
           C 460.00,153.00 459.00,153.00 459.00,153.00
             459.00,153.00 460.00,154.00 460.00,154.00
             460.00,154.00 460.00,153.00 460.00,153.00 Z
           M 400.00,210.00
           C 409.88,213.63 416.14,220.44 428.00,220.00
             428.00,220.00 423.00,229.00 423.00,229.00
             419.74,230.12 416.29,236.98 414.00,240.00
             414.00,240.00 402.54,254.96 402.54,254.96
             402.54,254.96 397.68,260.28 397.68,260.28
             394.19,264.75 394.68,267.07 389.00,270.00
             389.08,262.22 391.48,254.63 392.74,247.00
             392.74,247.00 393.26,241.00 393.26,241.00
             393.26,241.00 394.95,233.00 394.95,233.00
             395.36,228.10 395.68,219.85 400.00,217.00
             400.00,217.00 401.00,214.00 401.00,214.00
             401.00,214.00 400.00,210.00 400.00,210.00 Z
           M 439.00,223.00
           C 439.00,223.00 438.00,223.00 438.00,223.00
             438.00,223.00 439.00,224.00 439.00,224.00
             439.00,224.00 439.00,223.00 439.00,223.00 Z
           M 405.00,249.00
           C 405.00,249.00 404.00,249.00 404.00,249.00
             404.00,249.00 405.00,250.00 405.00,250.00
             405.00,250.00 405.00,249.00 405.00,249.00 Z
           M 392.00,264.00
           C 392.00,264.00 391.00,264.00 391.00,264.00
             391.00,264.00 392.00,265.00 392.00,265.00
             392.00,265.00 392.00,264.00 392.00,264.00 Z
           M 392.00,266.00
           C 392.00,266.00 391.00,266.00 391.00,266.00
             391.00,266.00 392.00,267.00 392.00,267.00
             392.00,267.00 392.00,266.00 392.00,266.00 Z
           M 565.00,343.00
           C 563.73,336.66 566.80,332.03 568.42,326.00
             568.42,326.00 576.38,295.04 576.38,295.04
             576.38,295.04 579.08,286.96 579.08,286.96
             580.65,281.06 580.70,271.75 588.02,270.94
             596.79,269.97 598.83,278.55 601.58,285.00
             605.80,294.88 618.00,325.00 623.00,332.00
             623.00,332.00 639.55,293.00 639.55,293.00
             640.95,289.64 646.86,275.41 648.64,273.48
             652.06,269.78 657.88,269.61 660.61,274.14
             663.62,279.14 667.89,294.40 667.00,300.00
             667.00,300.00 672.71,315.00 672.71,315.00
             672.71,315.00 683.00,355.00 683.00,355.00
             683.00,355.00 675.00,355.00 675.00,355.00
             666.10,354.95 668.44,353.96 664.17,341.00
             664.17,341.00 652.00,299.00 652.00,299.00
             652.00,299.00 633.20,343.00 633.20,343.00
             631.27,347.74 628.78,355.03 622.99,355.85
             614.66,357.02 613.44,348.83 610.45,343.00
             610.45,343.00 591.00,299.00 591.00,299.00
             591.00,299.00 579.09,342.00 579.09,342.00
             576.52,349.09 578.13,354.84 569.00,355.00
             569.00,355.00 561.00,355.00 561.00,355.00
             561.26,351.19 562.05,345.58 565.00,343.00 Z
           M 1055.00,355.00
           C 1055.00,355.00 1055.00,285.00 1055.00,285.00
             1055.01,281.14 1054.89,275.66 1057.79,272.66
             1064.78,265.41 1079.26,282.07 1081.00,288.00
             1081.00,288.00 1089.00,292.00 1089.00,292.00
             1089.00,292.00 1088.00,295.00 1088.00,295.00
             1092.88,295.81 1096.19,299.12 1097.00,304.00
             1101.12,304.00 1101.85,305.54 1105.00,308.00
             1105.00,308.00 1104.00,311.00 1104.00,311.00
             1109.63,311.93 1110.48,314.71 1114.38,318.38
             1114.38,318.38 1127.00,330.00 1127.00,330.00
             1127.00,330.00 1127.00,271.00 1127.00,271.00
             1127.00,271.00 1141.00,271.00 1141.00,271.00
             1141.00,271.00 1141.00,337.00 1141.00,337.00
             1141.00,343.91 1143.87,357.33 1133.00,355.85
             1127.37,355.08 1118.22,344.22 1114.00,340.00
             1114.00,340.00 1070.00,296.00 1070.00,296.00
             1070.00,296.00 1070.00,355.00 1070.00,355.00
             1070.00,355.00 1055.00,355.00 1055.00,355.00 Z
           M 243.00,271.00
           C 243.00,271.00 298.00,271.00 298.00,271.00
             312.98,271.00 314.84,269.70 315.00,278.00
             315.00,278.00 315.00,287.00 315.00,287.00
             315.00,287.00 259.00,287.00 259.00,287.00
             259.00,287.00 259.00,355.00 259.00,355.00
             259.00,355.00 243.00,355.00 243.00,355.00
             243.00,355.00 243.00,271.00 243.00,271.00 Z
           M 361.00,352.00
           C 354.06,353.80 349.51,350.31 344.42,345.87
             333.39,336.23 329.98,326.37 330.00,312.00
             330.01,307.07 330.23,302.75 331.82,298.00
             332.76,295.21 336.17,288.40 337.84,286.00
             349.14,269.77 369.72,271.00 387.00,271.00
             386.78,273.75 386.19,284.56 384.40,285.98
             382.54,287.45 375.55,286.99 373.00,287.00
             361.66,287.05 352.78,291.16 347.76,302.00
             344.07,309.98 345.19,322.58 350.34,329.70
             352.39,332.54 355.93,334.89 359.00,336.51
             363.86,339.06 368.57,339.93 374.00,340.00
             386.31,340.14 397.95,341.55 407.91,332.67
             420.29,321.64 418.29,301.15 405.00,291.64
             398.81,287.20 394.23,287.01 387.00,287.00
             388.67,283.85 395.92,273.46 399.33,272.58
             401.41,272.03 405.74,273.49 408.00,274.00
             408.00,274.00 407.00,278.00 407.00,278.00
             407.00,278.00 410.00,275.00 410.00,275.00
             415.93,278.24 422.28,283.10 425.74,289.00
             440.85,314.79 426.89,354.61 394.00,355.00
             394.00,355.00 369.00,355.00 369.00,355.00
             364.85,354.97 363.61,355.47 361.00,352.00 Z
           M 451.00,271.00
           C 451.00,271.00 507.00,271.00 507.00,271.00
             514.32,271.01 523.76,272.21 530.00,276.19
             546.62,286.79 546.46,322.21 526.00,329.00
             526.00,329.00 549.00,355.00 549.00,355.00
             549.00,355.00 527.42,354.01 527.42,354.01
             527.42,354.01 505.00,332.60 505.00,332.60
             505.00,332.60 499.00,332.00 499.00,332.00
             499.00,332.00 483.00,332.00 483.00,332.00
             483.00,332.00 477.06,330.40 477.06,330.40
             477.06,330.40 477.06,319.00 477.06,319.00
             485.56,317.47 494.33,317.99 503.00,318.00
             510.31,318.01 517.92,319.71 523.03,312.81
             527.45,306.85 525.44,301.56 527.00,295.00
             527.00,295.00 517.00,288.03 517.00,288.03
             517.00,288.03 500.00,287.00 500.00,287.00
             500.00,287.00 467.00,287.00 467.00,287.00
             467.00,287.00 467.00,355.00 467.00,355.00
             467.00,355.00 451.00,355.00 451.00,355.00
             451.00,355.00 451.00,271.00 451.00,271.00 Z
           M 723.00,311.00
           C 722.76,305.80 725.25,303.26 727.95,299.00
             727.95,299.00 739.46,280.00 739.46,280.00
             741.30,277.10 742.78,272.95 746.10,271.60
             756.17,267.50 761.07,280.07 764.67,287.00
             766.83,291.15 768.62,292.08 768.00,297.00
             774.88,300.94 777.55,308.45 781.55,315.00
             781.55,315.00 786.65,323.00 786.65,323.00
             786.65,323.00 789.86,329.72 789.86,329.72
             794.86,338.20 801.17,345.81 805.00,355.00
             805.00,355.00 787.38,354.43 787.38,354.43
             787.38,354.43 782.72,348.09 782.72,348.09
             782.72,348.09 774.00,333.00 774.00,333.00
             774.00,333.00 736.00,333.00 736.00,333.00
             737.18,329.34 739.29,325.00 743.18,323.56
             751.49,320.49 762.26,327.46 768.00,318.00
             768.00,318.00 765.00,319.00 765.00,319.00
             765.00,319.00 750.00,292.00 750.00,292.00
             750.00,292.00 725.05,334.00 725.05,334.00
             725.05,334.00 713.85,351.32 713.85,351.32
             713.85,351.32 713.00,355.00 713.00,355.00
             713.00,355.00 695.00,355.00 695.00,355.00
             698.10,347.33 703.20,341.02 707.40,334.00
             707.40,334.00 714.17,322.00 714.17,322.00
             717.15,317.39 718.05,313.62 723.00,311.00 Z
           M 803.00,271.00
           C 803.00,271.00 881.00,271.00 881.00,271.00
             881.00,271.00 881.00,287.00 881.00,287.00
             881.00,287.00 849.00,287.00 849.00,287.00
             849.00,287.00 849.00,355.00 849.00,355.00
             849.00,355.00 834.00,355.00 834.00,355.00
             834.00,355.00 834.00,287.00 834.00,287.00
             834.00,287.00 803.00,287.00 803.00,287.00
             803.00,287.00 803.00,271.00 803.00,271.00 Z
           M 899.00,271.00
           C 902.08,271.00 911.07,270.18 912.98,272.60
             914.23,274.19 914.00,278.01 914.00,280.00
             914.00,280.00 914.00,355.00 914.00,355.00
             914.00,355.00 899.00,355.00 899.00,355.00
             899.00,355.00 899.00,271.00 899.00,271.00 Z
           M 970.17,271.57
           C 975.05,270.71 980.05,271.00 985.00,271.00
             998.23,271.00 1010.91,270.88 1022.00,279.53
             1026.25,282.84 1027.08,284.62 1029.74,289.00
             1031.38,291.70 1032.42,292.94 1033.60,296.00
             1040.11,312.80 1034.94,336.88 1020.00,347.70
             1007.00,357.11 990.14,355.03 975.00,355.00
             964.02,354.98 954.04,351.92 946.13,343.90
             932.88,330.47 930.69,302.28 941.63,287.00
             946.34,280.42 954.16,275.01 962.00,272.93
             962.00,272.93 970.17,271.57 970.17,271.57 Z
           M 1164.00,355.00
           C 1164.00,351.74 1163.31,343.89 1165.60,341.60
             1167.95,339.24 1176.61,340.00 1180.00,340.00
             1180.00,340.00 1219.00,340.00 1219.00,340.00
             1223.81,340.06 1227.45,341.14 1231.96,338.65
             1239.10,334.71 1239.60,326.34 1232.96,321.56
             1229.18,318.84 1224.42,319.01 1220.00,319.00
             1220.00,319.00 1193.00,319.00 1193.00,319.00
             1186.10,319.00 1180.34,319.52 1174.00,316.09
             1159.57,308.27 1158.48,283.30 1173.05,275.20
             1181.58,270.45 1192.58,271.00 1202.00,271.00
             1202.00,271.00 1249.00,271.00 1249.00,271.00
             1249.00,271.00 1249.00,287.00 1249.00,287.00
             1249.00,287.00 1192.00,287.00 1192.00,287.00
             1188.95,287.01 1185.73,286.73 1183.11,288.60
             1177.78,292.38 1177.54,300.95 1184.09,304.55
             1190.34,307.98 1214.77,307.01 1223.00,307.00
             1231.78,306.99 1240.85,305.38 1247.44,313.18
             1255.97,323.27 1256.43,354.63 1229.00,355.00
             1229.00,355.00 1164.00,355.00 1164.00,355.00 Z
           M 400.00,273.00
           C 400.00,273.00 399.00,273.00 399.00,273.00
             399.00,273.00 400.00,274.00 400.00,274.00
             400.00,274.00 400.00,273.00 400.00,273.00 Z
           M 396.00,278.00
           C 396.00,278.00 395.00,278.00 395.00,278.00
             395.00,278.00 396.00,279.00 396.00,279.00
             396.00,279.00 396.00,278.00 396.00,278.00 Z
           M 1012.00,279.00
           C 1012.00,279.00 1011.00,279.00 1011.00,279.00
             1011.00,279.00 1012.00,280.00 1012.00,280.00
             1012.00,280.00 1012.00,279.00 1012.00,279.00 Z
           M 391.00,283.00
           C 391.00,283.00 390.00,283.00 390.00,283.00
             390.00,283.00 391.00,284.00 391.00,284.00
             391.00,284.00 391.00,283.00 391.00,283.00 Z
           M 952.00,287.00
           C 952.00,287.00 951.00,287.00 951.00,287.00
             951.00,287.00 952.00,288.00 952.00,288.00
             952.00,288.00 952.00,287.00 952.00,287.00 Z
           M 970.00,287.32
           C 949.98,291.87 943.39,315.50 955.93,330.83
             961.64,337.82 971.22,340.89 980.00,341.00
             989.62,341.11 1001.88,341.02 1009.99,335.21
             1024.49,324.85 1024.63,301.17 1009.99,290.99
             1002.26,285.62 979.55,286.28 970.00,287.32 Z
           M 652.00,297.00
           C 652.00,297.00 651.00,297.00 651.00,297.00
             651.00,297.00 652.00,298.00 652.00,298.00
             652.00,298.00 652.00,297.00 652.00,297.00 Z
           M 269.00,307.00
           C 269.00,307.00 311.00,307.00 311.00,307.00
             311.00,307.00 311.00,321.00 311.00,321.00
             311.00,321.00 269.00,321.00 269.00,321.00
             269.00,321.00 269.00,307.00 269.00,307.00 Z
           M 532.00,323.00
           C 532.00,323.00 531.00,323.00 531.00,323.00
             531.00,323.00 532.00,324.00 532.00,324.00
             532.00,324.00 532.00,323.00 532.00,323.00 Z
           M 1101.00,323.00
           C 1101.00,323.00 1100.00,323.00 1100.00,323.00
             1100.00,323.00 1101.00,324.00 1101.00,324.00
             1101.00,324.00 1101.00,323.00 1101.00,323.00 Z
           M 1251.00,329.00
           C 1251.00,329.00 1250.00,329.00 1250.00,329.00
             1250.00,329.00 1251.00,330.00 1251.00,330.00
             1251.00,330.00 1251.00,329.00 1251.00,329.00 Z
           M 341.00,339.00
           C 341.00,339.00 340.00,339.00 340.00,339.00
             340.00,339.00 341.00,340.00 341.00,340.00
             341.00,340.00 341.00,339.00 341.00,339.00 Z
           M 960.00,344.00
           C 960.00,344.00 959.00,344.00 959.00,344.00
             959.00,344.00 960.00,345.00 960.00,345.00
             960.00,345.00 960.00,344.00 960.00,344.00 Z
           M 1018.00,346.00
           C 1018.00,346.00 1017.00,346.00 1017.00,346.00
             1017.00,346.00 1018.00,347.00 1018.00,347.00
             1018.00,347.00 1018.00,346.00 1018.00,346.00 Z" />
</svg>
