<?xml version="1.0" encoding="UTF-8" standalone="no"?>
<!DOCTYPE svg PUBLIC "-//W3C//DTD SVG 20010904//EN"
              "http://www.w3.org/TR/2001/REC-SVG-20010904/DTD/svg10.dtd">

<svg xmlns="http://www.w3.org/2000/svg"
     width="20.5694in" height="4.94444in"
     viewBox="0 0 1481 356">
  <path id="Sélection"
        fill="none" stroke="black" stroke-width="1"
        d="M 0.00,0.00
           C 0.00,0.00 510.00,0.00 510.00,0.00
             510.00,0.00 484.42,34.00 484.42,34.00
             482.32,36.70 476.19,45.64 473.70,46.89
             471.28,48.10 466.66,46.71 464.00,46.25
             455.09,44.70 453.82,44.99 445.00,45.00
             398.46,45.07 353.07,86.70 353.00,134.00
             353.00,134.00 353.00,144.00 353.00,144.00
             353.03,163.29 361.90,183.14 373.81,198.00
             378.10,203.36 381.67,206.88 387.00,211.20
             389.24,213.01 394.73,216.78 395.81,219.17
             397.01,221.84 394.82,231.75 394.20,235.00
             394.20,235.00 388.00,271.00 388.00,271.00
             372.09,271.00 358.47,269.46 345.01,279.90
             322.27,297.54 325.95,334.69 350.00,349.53
             362.20,357.06 377.24,355.02 391.00,355.00
             432.93,354.93 446.70,298.26 413.00,277.47
             408.36,274.60 403.37,272.83 398.00,272.00
             398.00,272.00 418.12,245.00 418.12,245.00
             420.28,242.16 425.43,234.55 428.17,232.95
             431.18,231.35 434.80,232.53 438.00,232.95
             438.00,232.95 451.00,232.95 451.00,232.95
             480.89,232.95 511.23,214.83 527.30,190.00
             547.35,159.03 547.99,120.15 527.91,89.00
             523.44,82.06 518.04,75.71 512.00,70.09
             509.35,67.62 502.68,63.05 501.77,59.91
             501.00,57.29 503.75,44.44 504.39,41.00
             504.39,41.00 511.00,0.00 511.00,0.00
             511.00,0.00 1481.00,0.00 1481.00,0.00
             1481.00,0.00 1481.00,92.00 1481.00,92.00
             1481.00,92.00 1481.00,118.00 1481.00,118.00
             1481.00,118.00 1480.00,132.00 1480.00,132.00
             1478.34,112.27 1465.27,101.78 1446.00,102.00
             1440.70,102.06 1435.78,102.99 1431.00,105.38
             1417.12,112.32 1415.41,120.54 1407.00,131.00
             1402.99,105.05 1376.98,93.90 1355.00,107.47
             1342.40,115.25 1339.50,124.88 1333.00,132.00
             1333.00,132.00 1333.00,102.00 1333.00,102.00
             1333.00,102.00 1285.00,110.00 1285.00,110.00
             1285.00,110.00 1285.00,117.00 1285.00,117.00
             1300.04,117.05 1304.82,121.88 1305.00,137.00
             1305.00,137.00 1305.00,230.00 1305.00,230.00
             1305.00,230.00 1333.00,230.00 1333.00,230.00
             1333.00,230.00 1333.00,178.00 1333.00,178.00
             1333.00,165.33 1331.96,153.95 1337.31,142.00
             1340.24,135.46 1343.91,128.93 1350.00,124.85
             1361.19,117.36 1373.91,120.14 1377.52,134.00
             1378.55,137.94 1378.95,140.94 1379.00,145.00
             1379.00,145.00 1379.00,230.00 1379.00,230.00
             1379.00,230.00 1407.00,230.00 1407.00,230.00
             1407.00,230.00 1407.00,183.00 1407.00,183.00
             1407.00,169.86 1406.23,159.84 1410.34,147.00
             1414.11,135.24 1421.10,122.06 1435.00,121.10
             1452.25,119.90 1453.98,138.03 1454.00,151.00
             1454.00,151.00 1454.00,230.00 1454.00,230.00
             1454.00,230.00 1481.00,230.00 1481.00,230.00
             1481.00,230.00 1481.00,356.00 1481.00,356.00
             1481.00,356.00 1240.00,356.00 1240.00,356.00
             1240.00,356.00 1170.00,356.00 1170.00,356.00
             1163.55,356.00 1142.73,356.88 1138.00,355.00
             1144.10,349.10 1142.00,338.84 1142.00,331.00
             1142.00,331.00 1142.00,271.00 1142.00,271.00
             1142.00,271.00 1127.00,271.00 1127.00,271.00
             1127.00,271.00 1127.00,330.00 1127.00,330.00
             1121.13,325.79 1114.29,318.29 1109.00,313.00
             1109.00,313.00 1081.00,285.00 1081.00,285.00
             1077.39,281.39 1068.09,270.42 1063.00,270.77
             1056.47,271.22 1055.07,278.88 1055.00,284.00
             1055.00,284.00 1055.00,355.00 1055.00,355.00
             1055.00,355.00 1070.00,355.00 1070.00,355.00
             1070.00,355.00 1070.00,296.00 1070.00,296.00
             1070.00,296.00 1094.00,319.00 1094.00,319.00
             1094.00,319.00 1131.00,356.00 1131.00,356.00
             1131.00,356.00 626.00,356.00 626.00,356.00
             626.00,356.00 645.77,313.00 645.77,313.00
             645.77,313.00 653.00,298.00 653.00,298.00
             653.00,298.00 663.71,339.00 663.71,339.00
             664.59,342.12 666.57,351.54 668.56,353.40
             671.10,355.77 679.48,355.00 683.00,355.00
             683.00,355.00 676.42,330.00 676.42,330.00
             676.42,330.00 665.88,291.00 665.88,291.00
             664.38,285.29 662.37,272.63 655.98,270.84
             649.16,268.94 645.76,279.42 643.70,284.00
             643.70,284.00 628.85,318.00 628.85,318.00
             626.90,322.54 625.21,329.27 621.00,332.00
             621.00,332.00 601.42,286.00 601.42,286.00
             599.31,281.12 596.66,272.40 591.00,270.84
             582.28,268.45 579.86,283.46 578.29,289.00
             578.29,289.00 560.00,355.00 560.00,355.00
             560.00,355.00 576.00,355.00 576.00,355.00
             576.00,355.00 583.58,325.00 583.58,325.00
             583.58,325.00 591.00,299.00 591.00,299.00
             598.62,310.58 608.83,344.62 618.00,356.00
             618.00,356.00 0.00,356.00 0.00,356.00
             0.00,356.00 0.00,230.00 0.00,230.00
             0.00,230.00 30.00,230.00 30.00,230.00
             30.00,230.00 30.00,82.00 30.00,82.00
             30.00,82.00 102.00,82.00 102.00,82.00
             109.86,82.01 116.70,83.12 122.99,88.34
             137.21,100.15 137.90,126.92 124.91,139.91
             121.37,143.44 117.77,145.53 113.00,146.96
             102.43,150.11 75.31,149.00 63.00,149.00
             63.00,149.00 80.25,170.00 80.25,170.00
             82.44,172.65 86.07,177.47 89.01,178.98
             91.95,180.48 100.40,180.04 104.00,180.00
             119.06,179.82 136.48,173.03 146.83,161.96
             166.16,141.28 169.51,103.64 156.10,79.00
             152.70,72.76 147.44,66.86 142.00,62.32
             125.17,48.31 105.45,49.00 85.00,49.00
             85.00,49.00 0.00,49.00 0.00,49.00
             0.00,49.00 0.00,0.00 0.00,0.00 Z
           M 1070.00,74.00
           C 1068.60,45.30 1040.58,41.74 1018.00,42.00
             1010.37,42.09 1002.35,44.28 996.00,48.60
             977.22,61.37 979.00,85.12 979.00,105.00
             979.00,105.00 958.00,105.00 958.00,105.00
             958.00,105.00 958.00,116.00 958.00,116.00
             958.00,116.00 979.00,116.00 979.00,116.00
             979.00,116.00 979.00,230.00 979.00,230.00
             979.00,230.00 1007.00,230.00 1007.00,230.00
             1007.00,230.00 1007.00,116.00 1007.00,116.00
             1007.00,116.00 1042.00,116.00 1042.00,116.00
             1042.00,116.00 1042.00,105.00 1042.00,105.00
             1042.00,105.00 1007.00,105.00 1007.00,105.00
             1007.00,93.18 1005.22,68.64 1011.22,59.04
             1016.40,50.75 1027.14,49.89 1033.66,57.11
             1038.08,62.00 1038.94,67.71 1039.00,74.00
             1039.00,74.00 1070.00,74.00 1070.00,74.00 Z
           M 307.00,175.00
           C 311.80,172.92 315.86,170.74 320.00,167.48
             340.22,151.57 341.27,130.40 341.00,107.00
             340.78,88.78 330.65,68.18 315.00,58.47
             297.74,47.75 280.34,49.00 261.00,49.00
             261.00,49.00 181.00,49.00 181.00,49.00
             181.00,49.00 181.00,230.00 181.00,230.00
             181.00,230.00 211.00,230.00 211.00,230.00
             211.00,230.00 211.00,82.00 211.00,82.00
             211.00,82.00 279.00,82.00 279.00,82.00
             289.07,82.02 296.89,84.09 303.79,92.01
             314.30,104.09 313.28,130.10 302.67,141.91
             294.44,151.07 286.76,150.35 276.00,151.09
             276.00,151.09 268.00,151.98 268.00,151.98
             268.00,151.98 248.00,151.98 248.00,151.98
             251.02,158.52 260.74,168.29 265.84,174.00
             265.84,174.00 299.58,213.00 299.58,213.00
             302.34,216.23 312.04,228.13 315.17,229.40
             316.95,230.12 320.05,230.00 322.00,230.00
             322.00,230.00 357.00,230.00 357.00,230.00
             353.76,223.16 342.57,212.79 337.04,207.00
             337.04,207.00 307.00,175.00 307.00,175.00 Z
           M 650.00,150.00
           C 668.98,150.00 697.69,151.62 714.00,140.89
             733.94,127.79 737.47,94.01 727.18,74.00
             723.82,67.46 718.15,61.53 712.00,57.55
             697.95,48.45 681.00,49.00 665.00,49.00
             665.00,49.00 594.00,49.00 594.00,49.00
             594.00,49.00 594.00,56.00 594.00,56.00
             602.04,57.07 613.66,57.98 617.83,66.00
             619.72,69.65 619.99,76.86 620.00,81.00
             620.00,81.00 620.00,230.00 620.00,230.00
             620.00,230.00 650.00,230.00 650.00,230.00
             650.00,230.00 650.00,150.00 650.00,150.00 Z
           M 549.00,121.00
           C 549.00,121.00 555.00,121.00 555.00,121.00
             564.78,120.93 567.51,115.41 573.10,108.00
             582.74,95.25 594.58,70.18 580.67,56.33
             569.25,44.94 545.51,52.19 547.34,70.00
             547.87,75.14 550.33,80.07 555.02,82.55
             558.32,84.30 562.87,84.10 564.54,88.11
             565.83,91.22 563.99,96.10 562.69,99.00
             558.16,109.07 552.02,113.93 549.00,121.00 Z
           M 846.00,154.00
           C 845.70,140.30 843.47,125.50 833.82,115.04
             816.83,96.64 774.04,97.94 756.01,114.18
             742.97,125.93 739.17,145.14 739.00,162.00
             738.70,191.65 751.09,221.38 782.00,229.85
             797.35,234.05 812.53,233.89 828.00,230.35
             831.16,229.62 840.16,227.76 842.01,225.30
             843.07,223.89 842.97,221.68 843.00,220.00
             843.00,220.00 843.00,213.00 843.00,213.00
             830.32,215.86 830.97,217.02 817.00,217.00
             782.96,216.95 770.00,183.05 770.00,154.00
             770.00,154.00 846.00,154.00 846.00,154.00 Z
           M 902.00,102.00
           C 902.00,102.00 854.00,110.00 854.00,110.00
             854.00,110.00 854.00,117.00 854.00,117.00
             870.49,117.15 874.81,124.31 875.00,140.00
             875.00,140.00 875.00,230.00 875.00,230.00
             875.00,230.00 902.00,230.00 902.00,230.00
             902.00,230.00 902.00,183.00 902.00,183.00
             902.00,172.91 901.58,160.70 904.44,151.00
             908.67,136.65 921.20,124.95 937.00,126.33
             937.00,126.33 951.00,129.00 951.00,129.00
             951.00,129.00 951.00,103.00 951.00,103.00
             943.61,102.03 942.53,101.91 935.00,102.00
             914.46,102.25 909.14,119.63 902.00,135.00
             902.00,135.00 902.00,102.00 902.00,102.00 Z
           M 1104.00,102.29
           C 1091.68,104.17 1080.06,107.56 1071.30,117.09
             1057.35,132.26 1056.78,155.65 1057.00,175.00
             1057.17,189.42 1062.65,208.48 1073.17,218.71
             1083.16,228.42 1098.30,232.84 1112.00,233.00
             1127.37,233.18 1144.32,230.91 1155.99,219.91
             1167.97,208.61 1172.81,190.07 1173.00,174.00
             1173.27,150.85 1170.60,127.93 1151.00,112.52
             1137.84,102.17 1120.10,100.78 1104.00,102.29 Z
           M 1234.00,102.00
           C 1234.00,102.00 1185.00,110.00 1185.00,110.00
             1185.00,110.00 1185.00,117.00 1185.00,117.00
             1200.95,117.05 1205.81,123.36 1206.00,139.00
             1206.00,139.00 1206.00,230.00 1206.00,230.00
             1206.00,230.00 1234.00,230.00 1234.00,230.00
             1234.00,230.00 1234.00,180.00 1234.00,180.00
             1234.00,170.00 1233.05,159.69 1235.91,150.00
             1239.95,136.31 1253.19,125.04 1268.00,126.33
             1268.00,126.33 1282.00,129.00 1282.00,129.00
             1282.00,129.00 1282.00,102.76 1282.00,102.76
             1275.86,102.19 1265.98,101.15 1260.00,102.76
             1244.85,106.00 1239.51,120.50 1234.00,133.00
             1234.00,133.00 1234.00,102.00 1234.00,102.00 Z
           M 805.00,355.00
           C 802.73,348.84 795.12,337.20 791.40,331.00
             791.40,331.00 766.20,289.00 766.20,289.00
             762.98,283.64 756.98,270.10 750.00,270.24
             742.91,270.38 736.54,284.44 733.20,290.00
             733.20,290.00 695.00,355.00 695.00,355.00
             695.00,355.00 705.00,355.00 705.00,355.00
             714.89,354.98 713.09,354.21 722.20,339.00
             722.20,339.00 750.00,292.00 750.00,292.00
             750.00,292.00 767.00,322.00 767.00,322.00
             767.00,322.00 742.33,323.02 742.33,323.02
             742.33,323.02 735.00,334.00 735.00,334.00
             735.00,334.00 766.00,334.00 766.00,334.00
             768.31,334.00 771.63,333.78 773.62,335.02
             777.22,337.27 782.78,350.56 786.38,353.40
             789.57,355.92 800.65,355.00 805.00,355.00 Z
           M 315.00,287.00
           C 315.00,272.14 316.20,271.06 307.00,271.00
             307.00,271.00 243.00,271.00 243.00,271.00
             243.00,271.00 243.00,355.00 243.00,355.00
             243.00,355.00 259.00,355.00 259.00,355.00
             259.00,355.00 259.00,287.00 259.00,287.00
             259.00,287.00 315.00,287.00 315.00,287.00 Z
           M 526.00,329.00
           C 546.73,321.93 546.62,286.28 529.00,275.61
             520.39,270.40 509.64,271.00 500.00,271.00
             500.00,271.00 451.00,271.00 451.00,271.00
             451.00,271.00 451.00,355.00 451.00,355.00
             451.00,355.00 467.00,355.00 467.00,355.00
             467.00,355.00 467.00,287.00 467.00,287.00
             467.00,287.00 508.00,287.00 508.00,287.00
             513.68,287.01 517.47,286.95 521.87,291.21
             528.90,298.02 527.17,311.12 519.00,316.26
             515.80,318.27 512.60,317.99 509.00,318.00
             509.00,318.00 476.00,318.00 476.00,318.00
             476.00,318.00 476.00,332.00 476.00,332.00
             476.00,332.00 499.00,332.00 499.00,332.00
             500.95,332.00 504.05,331.87 505.83,332.60
             510.63,334.55 521.25,349.77 527.00,353.40
             531.25,356.09 544.53,355.00 550.00,355.00
             550.00,355.00 526.00,329.00 526.00,329.00 Z
           M 881.00,287.00
           C 881.00,283.82 881.85,273.96 879.40,272.02
             877.81,270.77 873.99,271.00 872.00,271.00
             872.00,271.00 802.00,271.00 802.00,271.00
             802.00,271.00 802.00,287.00 802.00,287.00
             802.00,287.00 834.00,287.00 834.00,287.00
             834.00,287.00 834.00,355.00 834.00,355.00
             834.00,355.00 849.00,355.00 849.00,355.00
             849.00,355.00 849.00,287.00 849.00,287.00
             849.00,287.00 881.00,287.00 881.00,287.00 Z
           M 914.00,271.00
           C 914.00,271.00 899.00,271.00 899.00,271.00
             899.00,271.00 899.00,355.00 899.00,355.00
             899.00,355.00 914.00,355.00 914.00,355.00
             914.00,355.00 914.00,271.00 914.00,271.00 Z
           M 971.00,271.14
           C 958.96,273.13 949.22,276.64 941.79,287.00
             936.82,293.93 934.57,302.57 934.09,311.00
             932.76,334.51 950.22,354.96 974.00,355.00
             988.14,355.02 1004.63,357.17 1017.00,349.53
             1023.48,345.53 1029.37,338.97 1032.49,332.00
             1039.57,316.12 1036.93,292.02 1022.96,280.52
             1011.68,271.22 999.80,271.00 986.00,271.14
             986.00,271.14 971.00,271.14 971.00,271.14 Z
           M 1249.00,287.00
           C 1249.00,283.82 1249.85,273.96 1247.40,272.02
             1245.81,270.77 1241.99,271.00 1240.00,271.00
             1240.00,271.00 1223.00,271.00 1223.00,271.00
             1223.00,271.00 1211.00,271.00 1211.00,271.00
             1193.42,271.00 1163.35,267.21 1163.00,293.00
             1163.00,293.00 1163.00,297.00 1163.00,297.00
             1163.15,307.71 1169.65,315.57 1180.00,318.24
             1180.00,318.24 1221.00,319.00 1221.00,319.00
             1225.35,319.01 1230.17,318.86 1233.79,321.70
             1241.26,327.57 1238.15,339.81 1223.00,340.00
             1223.00,340.00 1193.00,340.00 1193.00,340.00
             1193.00,340.00 1164.00,340.00 1164.00,340.00
             1164.00,340.00 1164.00,355.00 1164.00,355.00
             1164.00,355.00 1228.00,355.00 1228.00,355.00
             1234.83,354.97 1240.73,353.65 1245.90,348.79
             1253.85,341.31 1255.28,323.66 1248.58,315.02
             1242.57,307.24 1234.14,306.01 1225.00,306.00
             1225.00,306.00 1192.00,306.00 1192.00,306.00
             1188.42,305.95 1185.13,305.78 1182.23,303.35
             1177.64,299.50 1178.27,292.10 1183.11,288.74
             1186.00,286.73 1189.66,287.01 1193.00,287.00
             1193.00,287.00 1249.00,287.00 1249.00,287.00 Z
           M 311.00,307.00
           C 311.00,307.00 268.00,307.00 268.00,307.00
             268.00,307.00 268.00,321.00 268.00,321.00
             268.00,321.00 311.00,321.00 311.00,321.00
             311.00,321.00 311.00,307.00 311.00,307.00 Z" />
</svg>
